0.001 4.01936e-19
0.0012 5.84252e-19
0.00144 8.32459e-19
0.001728 1.1658e-18
0.0020736 1.60901e-18
0.00248832 2.19837e-18
0.002985984 2.99846e-18
0.0035831808 4.13791e-18
0.004299817 5.80208e-18
0.0051597804 8.05537e-18
0.0061917364 1.06483e-17
0.0074300837 1.31103e-17
0.0089161004 1.50249e-17
0.010699321 1.61953e-17
0.012839185 1.66342e-17
0.015407022 1.64726e-17
0.018488426 1.5876e-17
0.022186111 1.49961e-17
0.026623333 1.39533e-17
0.031948 1.28348e-17
0.0383376 1.17003e-17
0.04600512 1.05886e-17
0.055206144 9.52386e-18
0.066247373 8.52029e-18
0.079496847 7.58531e-18
0.095396217 6.72203e-18
0.11447546 5.93074e-18
0.13737055 5.20991e-18
0.16484466 4.55693e-18
0.19781359 3.96845e-18
0.23737631 3.44075e-18
0.28485158 2.96986e-18
0.34182189 2.55176e-18
0.41018627 2.18239e-18
0.49222352 1.85776e-18
0.59066823 1.57398e-18
0.70880187 1.32726e-18
0.85056225 1.114e-18
1.0206747 9.30735e-19
1.2248096 7.742e-19
1.4697716 6.41316e-19
1.7637259 5.29208e-19
2.1164711 4.35205e-19
2.5397653 3.56851e-19
3.0477183 2.91904e-19
3.657262 2.3834e-19
4.3887144 1.94354e-19
5.2664573 1.58358e-19
6.3197487 1.28976e-19
7.5836985 1.05032e-19
9.1004382 8.55396e-20
10.920526 6.96792e-20
13.104631 5.67771e-20
15.725557 4.62825e-20
18.870669 3.7746e-20
22.644802 3.08014e-20
27.173763 2.51506e-20
32.608515 2.05513e-20
39.130218 1.68062e-20
46.956262 1.37551e-20
56.347514 1.12679e-20
67.617017 9.23881e-21
81.140421 7.58214e-21
97.368505 6.22826e-21
116.84221 5.12068e-21
140.21065 4.21358e-21
168.25278 3.46978e-21
201.90333 2.85911e-21
242.284 2.3571e-21
290.7408 1.94387e-21
348.88896 1.60331e-21
418.66675 1.3223e-21
502.4001 1.09022e-21
602.88012 8.98396e-22
723.45614 7.39772e-22
868.14737 6.08579e-22
10000 4e-23
100000 3e-24

